1   5   1   5   1   5   1   5   1   5   1   5   1   5   1   5   1   5   1   5   1   5   1   5   1   5   1   5   1   5   1    5
5                                                                                                                            1
1                                                                                                                            5
5                                                                                                                            1
1                                                                                                                            5
5                                                               4                                                            1
1                                                                                                                            5
5                                                                                                                            1
1                                                                                                                            5
5                                                                                                                            1
1                                                                                                                            5
5                                                                                                                            1
1                                     11111111111111111111111111111111111111111111111111                                     5
5                                     1  22222222222222222222222222222222222222222222221                                     1
1                                     1  22222222222222222222222222222222222222222222221                                     5
5                                     1  22222222222222222222222222222222222222222222221                                     1
1                                     1  22222222222222222222222222222222222222222222221                                     5
5                                     1  22222222222222222222222222222222222222222222221                                     1
1                                     1  22222222222222222222222222222222222222222222221                                     5
5                                     1  22222222222222222222222222222222222222222222221                                     1
1                                     1  22222222222222222222222222222222222222222222221                                     5
5                                     1  22222222222222222222222222222222222222222222221                                     1
1                                     1  22222222222222222222222222222222222222222222221                                     5
5                                     1  22222222222222222222222222222222222222222222221                                     1
1                                     1  22222222222222222222222222222222222222222222221                                     5
5                                     1  22222222222222222222222222222222222222222222221                                     1
1                                     1  22222222222222222222222222222222222222222222221                                     5
5                                     1  22222222222222222222222222222222222222222222221                                     1
1                                     1  22222222222222222222222222222222222222222222221                                     5
5                                     1  22222222222222222222222222222222222222222222221                                     1
1                                     1  22222222222222222222222222222222222222222222221                                     5
5                                     11111111111111111111111111111111111111111111111111                                     1
1                                                                                                                            5
5                                                                                                                            1
1                                                                                                                            5
5                                                                                                                            1
1                                                                                                                            5
5                                                                                                                            1
1                                                                                                                            5
5                                                                                                                            1
1                                                                                                                            5
5                                                                                                                            1
1   5   1   5   1   5   1   5   1   5   1   5   1   5   1   5   1   5   1   5   1   5   1   5   1   5   1   5   1   5   1    5